[gd_scene load_steps=16 format=3 uid="uid://ddg3ko24uvh38"]

[ext_resource type="Script" uid="uid://qekehxqlhdb2" path="res://Boat/boat_controller.gd" id="1_o4dir"]
[ext_resource type="PackedScene" uid="uid://1753towy07lm" path="res://Boat/Assets/Rowboat.glb" id="2_hchyh"]
[ext_resource type="Shader" uid="uid://dn3me3rpk66so" path="res://Ocean/Shaders/boat_shader.gdshader" id="2_o8fyl"]
[ext_resource type="PackedScene" uid="uid://crmblfalu6e7k" path="res://Boat/Assets/Paddle.glb" id="3_yfaip"]
[ext_resource type="PackedScene" uid="uid://cc8yqxsdshdgo" path="res://Map/map.tscn" id="4_yfaip"]

[sub_resource type="BoxShape3D" id="BoxShape3D_hbuyh"]
size = Vector3(0.834106, 0.238, 2.13032)

[sub_resource type="ShaderMaterial" id="ShaderMaterial_qp2tb"]
render_priority = 1
shader = ExtResource("2_o8fyl")

[sub_resource type="PrismMesh" id="PrismMesh_dgroe"]
material = SubResource("ShaderMaterial_qp2tb")
size = Vector3(0.63, 0.51, 0.44)

[sub_resource type="PrismMesh" id="PrismMesh_dnrnb"]
material = SubResource("ShaderMaterial_qp2tb")
size = Vector3(0.635, 0.505, 0.44)

[sub_resource type="BoxMesh" id="BoxMesh_5th70"]
material = SubResource("ShaderMaterial_qp2tb")
size = Vector3(0.775, 1.085, 0.43)

[sub_resource type="BoxMesh" id="BoxMesh_urc5h"]
material = SubResource("ShaderMaterial_qp2tb")
size = Vector3(0.67, 0.695, 0.425)

[sub_resource type="PrismMesh" id="PrismMesh_e3svt"]
material = SubResource("ShaderMaterial_qp2tb")
left_to_right = 0.1
size = Vector3(0.79, 0.595, 0.43)

[sub_resource type="PrismMesh" id="PrismMesh_2u8t5"]
material = SubResource("ShaderMaterial_qp2tb")
left_to_right = 0.8
size = Vector3(0.835, 0.73, 0.41)

[sub_resource type="SphereMesh" id="SphereMesh_o4dir"]
radius = 0.2
height = 0.4

[sub_resource type="BoxShape3D" id="BoxShape3D_o4dir"]
size = Vector3(0.1, 0.1, 0.1)

[node name="BoatController" type="CharacterBody3D"]
collision_layer = 2
collision_mask = 5
script = ExtResource("1_o4dir")

[node name="CollisionShape3D" type="CollisionShape3D" parent="."]
transform = Transform3D(1, 0, 0, 0, 1, 0, 0, 0, 1, -0.0228882, -0.0121547, -0.070044)
shape = SubResource("BoxShape3D_hbuyh")

[node name="Shaders to exclude water from vessel" type="MeshInstance3D" parent="."]
transform = Transform3D(1, 0, 0, 0, 0.00122173, 0.999999, 0, -0.999999, 0.00122173, 0.0317556, 0, -0.946469)
mesh = SubResource("PrismMesh_dgroe")

[node name="MeshInstance3D" type="MeshInstance3D" parent="Shaders to exclude water from vessel"]
transform = Transform3D(1, 0, 0, 0, 1, 0, 0, 0, 1, -0.0681886, 0, 0)
mesh = SubResource("PrismMesh_dnrnb")

[node name="MeshInstance3D2" type="MeshInstance3D" parent="Shaders to exclude water from vessel"]
transform = Transform3D(1, 0, 0, 0, 1, 0, 0, 0, 1, -0.027863, -0.788204, 0.000962975)
mesh = SubResource("BoxMesh_5th70")

[node name="MeshInstance3D3" type="MeshInstance3D" parent="Shaders to exclude water from vessel"]
transform = Transform3D(1, 0, 0, 0, 1, 0, 0, 0, 1, 0, -1.51844, 0.00185513)
mesh = SubResource("BoxMesh_urc5h")

[node name="MeshInstance3D4" type="MeshInstance3D" parent="Shaders to exclude water from vessel"]
transform = Transform3D(1, 0, 0, 0, 1, -1.16415e-10, 0, 1.16415e-10, 1, -0.08947, -0.664352, 0.00081166)
mesh = SubResource("PrismMesh_e3svt")

[node name="MeshInstance3D5" type="MeshInstance3D" parent="Shaders to exclude water from vessel"]
transform = Transform3D(-0.999982, 0.00591671, -7.22864e-06, -0.00591671, -0.99998, 0.00244344, 7.22864e-06, 0.00244344, 0.999998, -0.0667441, -1.319, 0.00161147)
mesh = SubResource("PrismMesh_2u8t5")

[node name="MeshInstance3D6" type="MeshInstance3D" parent="Shaders to exclude water from vessel"]
transform = Transform3D(-0.99996, -0.00897017, 0.000103804, -0.00897077, 0.999879, -0.0127925, 1.09599e-05, -0.0127929, -0.999919, 0.0615684, -0.681379, -0.00425343)
mesh = SubResource("PrismMesh_e3svt")
skeleton = NodePath("../..")

[node name="MeshInstance3D7" type="MeshInstance3D" parent="Shaders to exclude water from vessel"]
transform = Transform3D(0.999995, 0.00305377, 8.91136e-05, 0.00305452, -0.999943, -0.0103493, 5.75046e-05, 0.0103495, -0.999948, 0.0447158, -1.33616, 0.00332199)
mesh = SubResource("PrismMesh_2u8t5")
skeleton = NodePath("../..")

[node name="Head" type="Node3D" parent="."]
transform = Transform3D(1, 0, 0, 0, 1, 0, 0, 0, 1, 0, 0.752143, 0)

[node name="Camera3D" type="Camera3D" parent="Head"]
transform = Transform3D(-1, 0, 1.50996e-07, 0, 1, 0, -1.50996e-07, 0, -1, 0, 0, 0)
current = true

[node name="MeshInstance3D" type="MeshInstance3D" parent="Head"]
visible = false
mesh = SubResource("SphereMesh_o4dir")

[node name="PreserverMarker" type="Marker3D" parent="."]
transform = Transform3D(1, 0, 0, 0, 1, 0, 0, 0, 1, 0, 0, 1)

[node name="RopeAttachPoint" type="StaticBody3D" parent="."]
transform = Transform3D(1, 0, 0, 0, 1, 0, 0, 0, 1, 0, 0, 1.05455)
collision_layer = 0
collision_mask = 0

[node name="CollisionShape3D" type="CollisionShape3D" parent="RopeAttachPoint"]
shape = SubResource("BoxShape3D_o4dir")

[node name="Meshes" type="Node3D" parent="."]
transform = Transform3D(-0.315, 0, 2.75382e-08, 0, 0.315, 0, -2.75382e-08, 0, -0.315, 0, 0, 0)

[node name="Rowboat" parent="Meshes" instance=ExtResource("2_hchyh")]
transform = Transform3D(-4.37114e-08, 0, -1, 0, 1, 0, 1, 0, -4.37114e-08, 0, 0, 0)

[node name="Paddle" parent="Meshes" instance=ExtResource("3_yfaip")]
transform = Transform3D(0.5, -0.866025, 0, 0.866025, 0.5, 0, 0, 0, 1, 4, -1, 2)

[node name="Paddle2" parent="Meshes" instance=ExtResource("3_yfaip")]
transform = Transform3D(-0.5, 0.866025, 1.50996e-07, 0.866025, 0.5, 0, -7.54979e-08, 1.30766e-07, -1, -4, -1, -2)

[node name="Map" parent="." instance=ExtResource("4_yfaip")]
visible = false

[node name="OmniLight3D" type="OmniLight3D" parent="."]
visible = false
light_color = Color(0.847526, 0.719071, 0.386581, 1)
